8.300618062163097610e-01 1.699381937836902667e-01
8.947806158878748306e-01 1.052193841121251000e-01
3.481618348356629866e-01 6.518381651643370134e-01
3.819071127854136161e-01 6.180928872145863284e-01
7.824773010805450291e-01 2.175226989194550820e-01
1.172711250529098054e-01 8.827288749470901807e-01
2.288336803683184983e-01 7.711663196316816959e-01
1.072153805496723067e-01 8.927846194503277211e-01
8.295666876003308099e-01 1.704333123996690513e-01
7.475563629275998601e-01 2.524436370724002510e-01
5.282423329245786725e-01 4.717576670754215495e-01
8.283637347371775039e-01 1.716362652628227181e-01
6.132331735711379350e-01 3.867668264288622315e-01
6.169971899595100284e-01 3.830028100404899716e-01
3.332451466525455930e-02 9.666754853347455656e-01
5.659573340145723774e-01 4.340426659854274005e-01
5.837880944265083638e-02 9.416211905573490526e-01
5.429997139068872825e-01 4.570002860931127175e-01
8.660649976787886395e-01 1.339350023212115270e-01
4.827091344964945518e-01 5.172908655035053371e-01
9.148304494842299794e-01 8.516955051576975688e-02
4.524626953529114481e-01 5.475373046470884963e-01
7.117462582366393953e-01 2.882537417633606047e-01
4.317657850286216181e-01 5.682342149713782709e-01
7.937841572924418942e-01 2.062158427075580780e-01
9.245150480674592386e-02 9.075484951932539790e-01
2.022202080177847860e-01 7.977797919822153805e-01
8.204986622867556090e-01 1.795013377132446408e-01
3.542292229255175617e-01 6.457707770744827158e-01
5.000000000000000000e-01 5.000000000000000000e-01
7.471641422150536727e-01 2.528358577849460498e-01
4.682012982083891828e-01 5.317987017916107062e-01
9.159124036560807314e-01 8.408759634391932414e-02
4.440684334166284941e-01 5.559315665833713949e-01
7.529757831193355511e-01 2.470242168806644767e-01
4.879366847549765351e-01 5.120633152450234649e-01
1.924480361092629210e-01 8.075519638907370235e-01
8.054549351897731801e-01 1.945450648102266811e-01
8.841671504884311972e-01 1.158328495115685530e-01
5.439690221650658186e-01 4.560309778349341814e-01
7.135754850746375277e-01 2.864245149253626943e-01
5.913461269437210177e-01 4.086538730562790378e-01
4.122683986714318349e-01 5.877316013285680540e-01
8.967719622909543498e-01 1.032280377090455392e-01
7.863699172983568131e-02 9.213630082701644852e-01
6.609589952047176808e-01 3.390410047952823192e-01
4.859749981707989219e-01 5.140250018292010781e-01
9.157146480996000149e-01 8.428535190040002678e-02
3.153763643985161846e-01 6.846236356014836488e-01
9.473718985811746540e-01 5.262810141882542231e-02
9.149680021439541289e-01 8.503199785604566296e-02
7.595439812698659976e-01 2.404560187301340579e-01
2.888816145498406263e-01 7.111183854501593737e-01
3.058496966732786593e-01 6.941503033267214517e-01
2.579979397486609205e-01 7.420020602513388575e-01
2.867650906753021478e-01 7.132349093246979077e-01
6.871869036344951942e-01 3.128130963655049168e-01
7.002001256856028588e-01 2.997998743143971412e-01
6.629640201685088607e-01 3.370359798314911393e-01
1.018538007798894113e-01 8.981461992201108524e-01
7.983277448683182564e-01 2.016722551316816048e-01
8.519587044344729687e-01 1.480412955655271146e-01
8.214282579181121369e-01 1.785717420818875856e-01
1.978839298389596102e-01 8.021160701610403621e-01
5.469286233602842495e-01 4.530713766397155839e-01
5.113600331860750359e-01 4.886399668139250752e-01
5.187434397771820693e-01 4.812565602228179862e-01
8.733179986305581455e-01 1.266820013694418545e-01
3.191871625258809186e-01 6.808128374741191369e-01
8.840945119475129843e-01 1.159054880524869741e-01
6.702632607384606533e-01 3.297367392615394577e-01
7.367000598209404449e-01 2.632999401790592775e-01
2.952241526774230032e-02 9.704775847322575366e-01
8.594597848544061058e-01 1.405402151455938387e-01
6.460090954452204492e-01 3.539909045547795508e-01
7.169682696774901665e-01 2.830317303225096115e-01
6.966265826295233721e-01 3.033734173704766834e-01
6.166321799351652810e-01 3.833678200648346635e-01
2.640032080462922925e-01 7.359967919537078185e-01
3.279513484697632597e-01 6.720486515302368513e-01
5.181795315567441218e-01 4.818204684432558227e-01
7.928975645915281589e-01 2.071024354084718411e-01
3.906833618325066815e-01 6.093166381674932630e-01
2.563819075623231525e-01 7.436180924376770696e-01
7.972291901044334939e-01 2.027708098955667559e-01
9.052352637391557211e-02 9.094764736260843030e-01
4.635776406493203883e-01 5.364223593506796117e-01
5.929595101743911911e-01 4.070404898256087534e-01
5.438241669980327098e-01 4.561758330019673457e-01
3.679356078364596772e-01 6.320643921635402673e-01
6.950821249163519067e-01 3.049178750836480378e-01
1.770993606999767545e-01 8.229006393000231068e-01
5.168705551419393585e-01 4.831294448580605860e-01
3.656788094699306435e-01 6.343211905300691900e-01
3.049696380752167091e-01 6.950303619247832909e-01
7.044206994622462803e-01 2.955793005377538862e-01
8.142076226106385040e-01 1.857923773893615793e-01
6.136912396350411303e-01 3.863087603649587032e-01
3.074130628179811975e-01 6.925869371820189135e-01
1.756125907208870296e-01 8.243874092791129149e-01
8.993063696579591815e-01 1.006936303420407908e-01
4.939043246374147378e-01 5.060956753625852622e-01
9.020534520608809448e-01 9.794654793911902746e-02
5.364876951607499000e-01 4.635123048392500444e-01
2.111468373429976897e-01 7.888531626570022270e-01
8.383905982859103379e-01 1.616094017140897177e-01
2.284483130375458970e-01 7.715516869624542418e-01
4.833446645011698628e-01 5.166553354988300262e-01
7.360266375216464874e-02 9.263973362478353790e-01
7.811346184687227856e-01 2.188653815312771034e-01
4.478219165083642817e-01 5.521780834916357739e-01
1.730123593141267846e-01 8.269876406858731599e-01
4.260337950437930177e-01 5.739662049562068713e-01
8.152731925480323216e-01 1.847268074519676784e-01
3.959181618830681093e-01 6.040818381169318352e-01
8.299337946940014143e-01 1.700662053059983359e-01
3.290033029762207684e-01 6.709966970237790651e-01
4.409314126007453094e-01 5.590685873992545796e-01
4.683249243111471949e-01 5.316750756888528606e-01
1.185069198768719939e-01 8.814930801231281032e-01
8.679410908834203076e-01 1.320589091165795814e-01
4.230684428765315586e-01 5.769315571234683304e-01
9.394826720636714201e-01 6.051732793632846885e-02
4.702388657588345011e-01 5.297611342411654434e-01
6.114097551863134639e-01 3.885902448136864806e-01
8.853896501834108979e-02 9.114610349816588686e-01
6.040100007198373477e-01 3.959899992801628743e-01
4.257199543500619909e-01 5.742800456499380646e-01
4.349884705977918320e-01 5.650115294022081125e-01
1.922227266151301794e-01 8.077772733848697095e-01
8.713560143836635019e-01 1.286439856163364148e-01
4.728230118481904776e-01 5.271769881518094669e-01
7.943553076961827886e-01 2.056446923038172392e-01
5.230921982676051130e-01 4.769078017323947760e-01
5.609085598564048647e-01 4.390914401435950243e-01
8.763244151035499696e-01 1.236755848964499888e-01
7.300217944837655848e-01 2.699782055162343597e-01
7.663778828459298920e-01 2.336221171540699137e-01
7.274645863241749888e-01 2.725354136758249557e-01
7.622678817253715211e-01 2.377321182746284234e-01
2.185475559236434995e-01 7.814524440763565005e-01
7.892693862299655916e-02 9.210730613770033992e-01
5.559161310085285468e-01 4.440838689914713422e-01
8.228440636178778744e-01 1.771559363821219313e-01
9.333229071404630650e-01 6.667709285953679621e-02
5.060629842643042942e-01 4.939370157356958724e-01
1.988446770224955862e-01 8.011553229775042473e-01
3.705337684028162104e-01 6.294662315971837341e-01
6.196360937813891745e-01 3.803639062186108810e-01
6.893090462541269225e-01 3.106909537458732995e-01
3.815504778716944934e-01 6.184495221283056177e-01
3.270714777992673183e-01 6.729285222007327372e-01
7.995574808633106878e-01 2.004425191366896453e-01
5.952138839802926240e-01 4.047861160197074315e-01
6.550314157673509108e-01 3.449685842326492557e-01
4.754342366534874409e-01 5.245657633465126146e-01
5.638315532035547140e-01 4.361684467964453971e-01
1.207775359046725089e-01 8.792224640953273385e-01
3.255744738828573737e-01 6.744255261171423488e-01
3.769710169333987948e-01 6.230289830666012607e-01
2.394528695394436968e-01 7.605471304605562199e-01
2.242410052311679669e-01 7.757589947688319221e-01
7.239016866649680138e-01 2.760983133350321528e-01
5.616392899019271301e-01 4.383607100980730364e-01
8.306641477396401463e-01 1.693358522603597704e-01
7.932149985785041935e-01 2.067850014214959731e-01
9.102141961857178609e-01 8.978580381428238888e-02
2.682756995180193837e-01 7.317243004819805607e-01
8.590886474775891735e-01 1.409113525224109098e-01
2.051415553692414462e-01 7.948584446307583873e-01
7.554027892244012943e-01 2.445972107755988167e-01
8.442661019769278630e-01 1.557338980230719983e-01
4.895666163579455721e-01 5.104333836420543724e-01
4.719219415400524031e-01 5.280780584599474858e-01
1.526332189802651063e-01 8.473667810197348382e-01
6.920140214959071834e-01 3.079859785040927611e-01
2.115912592534271996e-01 7.884087407465728559e-01
3.205288637281002440e-01 6.794711362719000336e-01
4.348897573458513355e-01 5.651102426541487755e-01
7.537614700679178270e-01 2.462385299320820897e-01
1.844903555498368097e-01 8.155096444501630515e-01
8.885935438376723061e-01 1.114064561623279159e-01
6.528732918551108932e-01 3.471267081448891068e-01
4.341535656133720389e-01 5.658464343866280721e-01
1.842838644075677768e-01 8.157161355924325008e-01
4.041751208920927874e-01 5.958248791079073792e-01
7.291502743840655443e-01 2.708497256159344557e-01
3.888857000891923210e-01 6.111142999108076790e-01
6.604195642250779708e-01 3.395804357749220848e-01
8.128047379263358962e-01 1.871952620736640760e-01
4.355163093920725870e-01 5.644836906079274685e-01
1.737515794611451947e-01 8.262484205388548331e-01
1.107878102730923964e-01 8.892121897269077424e-01
6.331260878603880426e-01 3.668739121396118463e-01
8.505277626080874898e-01 1.494722373919123992e-01
4.256856726902405463e-01 5.743143273097593982e-01
8.507097027244122645e-01 1.492902972755877911e-01
9.595642546579054299e-02 9.040435745342094709e-01
3.883639689536701467e-01 6.116360310463299088e-01
1.826440780801367458e-01 8.173559219198629489e-01
1.727577367592025570e-01 8.272422632407973042e-01
7.660551454303614616e-01 2.339448545696387050e-01
1.175685254874476587e-01 8.824314745125524384e-01
1.723497525655299512e-01 8.276502474344700211e-01
6.893958822079065962e-01 3.106041177920935703e-01
4.331635696560925397e-01 5.668364303439075158e-01
6.226522362013560130e-01 3.773477637986439315e-01
7.470565530528286979e-01 2.529434469471714686e-01
6.948384405219231175e-01 3.051615594780769380e-01
8.804036018080131365e-01 1.195963981919867941e-01
6.432476036790579776e-02 9.356752396320943133e-01
5.000000000000000000e-01 5.000000000000000000e-01
7.270939922986040527e-01 2.729060077013959473e-01
8.471529621523091746e-01 1.528470378476907421e-01
1.659951079765174531e-01 8.340048920234824914e-01
5.636918987807830739e-01 4.363081012192168151e-01
2.479028707737546133e-01 7.520971292262453867e-01
4.740551147042605939e-01 5.259448852957393505e-01
8.736726838263774164e-01 1.263273161736225558e-01
8.878333438572788561e-01 1.121666561427210052e-01
8.617502254304962861e-01 1.382497745695036862e-01
5.382867749854585160e-01 4.617132250145414840e-01
9.239149672286089965e-01 7.608503277139104515e-02
8.850384792743992701e-01 1.149615207256007715e-01
6.449363063491186931e-01 3.550636936508814179e-01
2.146219839112027405e-01 7.853780160887973150e-01
4.456195220002626134e-01 5.543804779997373311e-01
3.336445778397440498e-01 6.663554221602561167e-01
5.913926281731655132e-01 4.086073718268344312e-01
4.579338549064345676e-01 5.420661450935655434e-01
6.014531705036650910e-01 3.985468294963349645e-01
8.615839248056726962e-01 1.384160751943271372e-01
8.109280194444463685e-01 1.890719805555536592e-01
4.408349097538813988e-01 5.591650902461186012e-01
2.729631052936336011e-01 7.270368947063663434e-01
6.246254472999979157e-01 3.753745527000021398e-01
5.301927954019719502e-01 4.698072045980280498e-01
9.078335205461630641e-01 9.216647945383711626e-02
8.859505391598874180e-01 1.140494608401127208e-01
4.707737528385801395e-01 5.292262471614197494e-01
6.663642280355144276e-01 3.336357719644856279e-01
8.256841889514811017e-01 1.743158110485188705e-01
1.674720036245871679e-01 8.325279963754128598e-01
5.268779895212226672e-01 4.731220104787773884e-01
3.808661718299438670e-01 6.191338281700563551e-01
8.665684179183434921e-01 1.334315820816565357e-01
4.323990528559876756e-01 5.676009471440125465e-01
4.552776920597155219e-01 5.447223079402845336e-01
6.918822109068283321e-01 3.081177890931716123e-01
4.187861126302143133e-01 5.812138873697857422e-01
5.771381574367332457e-01 4.228618425632669209e-01
4.745942354663496010e-01 5.254057645336505100e-01
8.693331454236369327e-01 1.306668545763629841e-01
5.152558030620799645e-01 4.847441969379200355e-01
8.285410149065715046e-01 1.714589850934284676e-01
1.297007717967789686e-01 8.702992282032209204e-01
2.014795175648027847e-01 7.985204824351971320e-01
5.829792367133148634e-01 4.170207632866851366e-01
1.587910527208467870e-01 8.412089472791531852e-01
7.625795500652529091e-01 2.374204499347471742e-01
7.487921313025687198e-01 2.512078686974314468e-01
8.766677049138333899e-01 1.233322950861664991e-01
9.183718759971849499e-01 8.162812400281481418e-02
5.451193796227853383e-01 4.548806203772146617e-01
6.159354888992355503e-01 3.840645111007646162e-01
7.913374283541754206e-01 2.086625716458244961e-01
7.289527400716094840e-01 2.710472599283904604e-01
7.593661994930032133e-01 2.406338005069967867e-01
8.303154564471942889e-01 1.696845435528056001e-01
5.545436638113254713e-01 4.454563361886745287e-01
9.163757450217983047e-01 8.362425497820152875e-02
8.537979036324141457e-01 1.462020963675858820e-01
6.828665182026364411e-01 3.171334817973635034e-01
3.951512819052103720e-01 6.048487180947894615e-01
7.148181811446494560e-01 2.851818188553505440e-01
4.137853458771602044e-01 5.862146541228396845e-01
5.532706570960898018e-01 4.467293429039103092e-01
2.945283467361214935e-01 7.054716532638783955e-01
3.887800695604268775e-01 6.112199304395732335e-01
8.531995235038307701e-01 1.468004764961690356e-01
5.590227390200005475e-01 4.409772609799995635e-01
5.446235631638378649e-01 4.553764368361620796e-01
8.062301957947234365e-01 1.937698042052764524e-01
6.474183200320104969e-01 3.525816799679896141e-01
8.801752441752551670e-01 1.198247558247451661e-01
7.733506532845594306e-01 2.266493467154405417e-01
5.414906464481955561e-01 4.585093535518043883e-01
9.222826170938051016e-01 7.771738290619488454e-02
2.598669053573905430e-01 7.401330946426094570e-01
4.461980667206237872e-01 5.538019332793762128e-01
9.459381488903424451e-01 5.406185110965747859e-02
7.227441198222971375e-01 2.772558801777027515e-01
9.576575949263016474e-02 9.042342405073700018e-01
3.598426219051275576e-01 6.401573780948722758e-01
8.539660113958461585e-01 1.460339886041540081e-01
3.753894350338659036e-01 6.246105649661339854e-01
9.800577162788067787e-01 1.994228372119319359e-02
5.550552924027626345e-01 4.449447075972373100e-01
4.094356663981391642e-01 5.905643336018610023e-01
6.812030300975282504e-01 3.187969699024715275e-01
7.784173570772853212e-01 2.215826429227146510e-01
8.321852983139169657e-01 1.678147016860831731e-01
8.531416494204389078e-01 1.468583505795611477e-01
8.712548077200125141e-01 1.287451922799875415e-01
1.157911653396207358e-01 8.842088346603791393e-01
2.375635850360971191e-01 7.624364149639027977e-01
9.224087733699362079e-01 7.759122663006363940e-02
3.701785830213600859e-01 6.298214169786398031e-01
4.580736238323215304e-01 5.419263761676785807e-01
6.604477631520542236e-01 3.395522368479457209e-01
6.910812609952151631e-01 3.089187390047849480e-01
6.348439218201997747e-01 3.651560781798002808e-01
8.828988193282156782e-01 1.171011806717843634e-01
5.800681441707484787e-01 4.199318558292514658e-01
8.261934887233939317e-01 1.738065112766061793e-01
3.508469554576479355e-01 6.491530445423522311e-01
1.352371816256848214e-01 8.647628183743149011e-01
2.436290158530361460e-01 7.563709841469639095e-01
1.791810011654295376e-01 8.208189988345707677e-01
4.124132214948709185e-01 5.875867785051290815e-01
6.585310082390772868e-01 3.414689917609226577e-01
5.443074057922216991e-01 4.556925942077781899e-01
1.908801461867676297e-01 8.091198538132323703e-01
6.100399767914873594e-01 3.899600232085125295e-01
5.961532827940412282e-01 4.038467172059586607e-01
6.863280283179657992e-01 3.136719716820342563e-01
7.388639969470480739e-01 2.611360030529517595e-01
4.278267649532385697e-01 5.721732350467613193e-01
8.021905699689936275e-01 1.978094300310064280e-01
9.203423672039252601e-01 7.965763279607467051e-02
9.125983737184256706e-01 8.740162628157416291e-02
7.479687146699796063e-01 2.520312853300203382e-01
6.909955964396001793e-01 3.090044035603999317e-01
6.436799641460665411e-01 3.563200358539335144e-01
3.112718256247067883e-01 6.887281743752932117e-01
7.225834148460803796e-02 9.277416585153920314e-01
8.574671638780975158e-01 1.425328361219026507e-01
5.323543219872245436e-01 4.676456780127756230e-01
3.138713439774424296e-01 6.861286560225574593e-01
7.169481263207950761e-01 2.830518736792048684e-01
7.276950430311143192e-01 2.723049569688855143e-01
8.946563773868162484e-01 1.053436226131837239e-01
2.146163113289301372e-01 7.853836886710696685e-01
2.842055823470884257e-01 7.157944176529114078e-01
2.226075210183617870e-01 7.773924789816382130e-01
1.883050077348520090e-01 8.116949922651477412e-01
6.407791830507802988e-01 3.592208169492197567e-01
7.050062725493707605e-01 2.949937274506292950e-01
2.897238278192980632e-01 7.102761721807018258e-01
2.224777384318945284e-01 7.775222615681053329e-01
3.156280924326926862e-01 6.843719075673072583e-01
4.853278910777644173e-01 5.146721089222356937e-01
4.732461197136865194e-01 5.267538802863135361e-01
3.328673069529288209e-01 6.671326930470711236e-01
9.537906093531044183e-02 9.046209390646897663e-01
6.813335640659473613e-01 3.186664359340529162e-01
2.272182029667964287e-01 7.727817970332035991e-01
7.548631815232093034e-01 2.451368184767906688e-01
2.062948934784723520e-01 7.937051065215275925e-01
2.652182265185672877e-02 9.734781773481433476e-01
3.524654934489751534e-01 6.475345065510251796e-01
8.915994180657430546e-01 1.084005819342568760e-01
6.441597102645048034e-01 3.558402897354951966e-01
7.491280147707617409e-01 2.508719852292380925e-01
4.900741654925356849e-01 5.099258345074642040e-01
8.493966195445644685e-01 1.506033804554354483e-01
3.584738678439846615e-01 6.415261321560153940e-01
1.389048875210525391e-01 8.610951124789473221e-01
1.364082614115694481e-01 8.635917385884307462e-01
8.895711383152478113e-01 1.104288616847523968e-01
2.993574787202899490e-01 7.006425212797101620e-01
6.303741928732568001e-01 3.696258071267432554e-01
7.090934607193098982e-01 2.909065392806902128e-01
6.489609646133580600e-01 3.510390353866421620e-01
4.847202754415628756e-01 5.152797245584371799e-01
5.474524537491497478e-01 4.525475462508503632e-01
7.666168589921053267e-02 9.233383141007895922e-01
2.366501739474788646e-01 7.633498260525214407e-01
7.596939979949168809e-01 2.403060020050828416e-01
6.004605869521849604e-01 3.995394130478152062e-01
7.906720145758776574e-01 2.093279854241225091e-01
5.800898412658631598e-01 4.199101587341367292e-01
7.874184053627411028e-01 2.125815946372592302e-01
8.022122465099665867e-01 1.977877534900333578e-01
8.261360195490466962e-01 1.738639804509532483e-01
4.623797406971364432e-01 5.376202593028633903e-01
8.620930936151415258e-01 1.379069063848583632e-01
3.468949272644693549e-01 6.531050727355307561e-01
4.134753895113421618e-01 5.865246104886577827e-01
8.961943303664119398e-01 1.038056696335878243e-01
1.445172345121303603e-01 8.554827654878698340e-01
9.594996831763796807e-01 4.050031682362034702e-02
2.763874136335718323e-01 7.236125863664280011e-01
3.496540825752746939e-01 6.503459174247253616e-01
1.535870249229946416e-01 8.464129750770055249e-01
8.441259269793728315e-01 1.558740730206273073e-01
6.554312396617080205e-01 3.445687603382920350e-01
5.194487636617475257e-01 4.805512363382524743e-01
4.880040948226612718e-01 5.119959051773388392e-01
7.985673480122861267e-01 2.014326519877140120e-01
7.798119576369461070e-01 2.201880423630538930e-01
3.032706631394065377e-01 6.967293368605934623e-01
3.758828956580393399e-01 6.241171043419607711e-01
9.278540921891069715e-01 7.214590781089294524e-02
3.848909996163015768e-01 6.151090003836984232e-01
8.012507571549325469e-01 1.987492428450674808e-01
2.844238103375568705e-01 7.155761896624428520e-01
7.546645384886359054e-01 2.453354615113639836e-01
8.071228372268725026e-01 1.928771627731274974e-01
1.187785522765950064e-01 8.812214477234049381e-01
4.011126491634157687e-01 5.988873508365841758e-01
2.431574392100634974e-01 7.568425607899365026e-01
6.541470053672362450e-01 3.458529946327636995e-01
8.414362982010049619e-01 1.585637017989951769e-01
1.829177576177937192e-01 8.170822423822063918e-01
8.751418513409768840e-01 1.248581486590230744e-01
3.364575487831287792e-01 6.635424512168711653e-01
4.662048441878853811e-01 5.337951558121145634e-01
1.928833254247958318e-01 8.071166745752043070e-01
5.963003847010021063e-01 4.036996152989979492e-01
6.085245705851211051e-01 3.914754294148790059e-01
8.903962280379585925e-01 1.096037719620413936e-01
5.906893713698110338e-01 4.093106286301889662e-01
5.488166855505752784e-01 4.511833144494248327e-01
8.076756160145613928e-01 1.923243839854387460e-01
5.592947643802801405e-01 4.407052356197199150e-01
8.113213843514676116e-01 1.886786156485322774e-01
9.011020972592208578e-01 9.889790274077922549e-02
7.667767020805386080e-01 2.332232979194615030e-01
9.195162066479104501e-01 8.048379335208954988e-02
8.713951620845850066e-01 1.286048379154147991e-01
7.491230096047372111e-01 2.508769903952630664e-01
3.216699306953378912e-01 6.783300693046618868e-01
3.287338540704183854e-01 6.712661459295818922e-01
9.142504415025844988e-01 8.574955849741537628e-02
8.689126099941539838e-01 1.310873900058460995e-01
4.452796389833194035e-01 5.547203610166806520e-01
3.746552668779842277e-01 6.253447331220158834e-01
3.975968356684022043e-01 6.024031643315976847e-01
8.371027570728636347e-01 1.628972429271361155e-01
8.564909061942350688e-01 1.435090938057649035e-01
4.757619001113189139e-01 5.242380998886810861e-01
6.628227034104253734e-01 3.371772965895747376e-01
8.332190740811549201e-01 1.667809259188449689e-01
3.921751391370209006e-01 6.078248608629789329e-01
4.047461437994278599e-01 5.952538562005721401e-01
5.800321604057953051e-01 4.199678395942045839e-01
2.830670570938765840e-01 7.169329429061233050e-01
7.657838080866309349e-01 2.342161919133690651e-01
7.769125133613775658e-01 2.230874866386222399e-01
6.527850511467739869e-01 3.472149488532260686e-01
5.533711717664437924e-01 4.466288282335562076e-01
7.190133974683451390e-01 2.809866025316548055e-01
9.172720603711943532e-01 8.272793962880567453e-02
4.746073438632237296e-01 5.253926561367764370e-01
7.652558701010381270e-01 2.347441298989618730e-01
2.355937078114416217e-01 7.644062921885583783e-01
7.176731331159214022e-01 2.823268668840789863e-01
7.210748811644883682e-01 2.789251188355115207e-01
8.805364884047826857e-02 9.119463511595216065e-01
8.835133042554214056e-01 1.164866957445787471e-01
4.577224843069020443e-01 5.422775156930980112e-01
3.775426118438023892e-01 6.224573881561975552e-01
1.911507348771529502e-01 8.088492651228470498e-01
5.499567702636487532e-01 4.500432297363514134e-01
1.801951797293185054e-01 8.198048202706815779e-01
6.903746718002831129e-01 3.096253281997169982e-01
4.615504779652276901e-01 5.384495220347725875e-01
7.691855284204861531e-01 2.308144715795137358e-01
8.457124311489299107e-01 1.542875688510701726e-01
6.548688710042516181e-01 3.451311289957483819e-01
6.646811744742803230e-01 3.353188255257197881e-01
6.319848973546093873e-01 3.680151026453905572e-01
1.825043015743279817e-01 8.174956984256720460e-01
6.909658019714556287e-01 3.090341980285445378e-01
1.132291539534197311e-01 8.867708460465802967e-01
4.777334270006332595e-01 5.222665729993667405e-01
8.134422809011498945e-01 1.865577190988501333e-01
5.076397721410869091e-01 4.923602278589130909e-01
7.296901428888526997e-01 2.703098571111476889e-01
2.561763094172506694e-01 7.438236905827492196e-01
6.283941269795390028e-01 3.716058730204611082e-01
4.500880284887950888e-01 5.499119715112050777e-01
7.489864814185110964e-01 2.510135185814888481e-01
5.109924120593472008e-01 4.890075879406527992e-01
7.702543670348520610e-01 2.297456329651479667e-01
7.159702744721441192e-01 2.840297255278559363e-01
6.538330173238515730e-01 3.461669826761484825e-01
5.757333330235837598e-01 4.242666669764163512e-01
7.039748292534544483e-01 2.960251707465453852e-01
7.085924305763579012e-01 2.914075694236420988e-01
5.083802371170493828e-01 4.916197628829506172e-01
2.976592208251351845e-01 7.023407791748649265e-01
8.930571234777282541e-01 1.069428765222717737e-01
8.873991617305812540e-02 9.112600838269420134e-01
8.259715260122583169e-01 1.740284739877415721e-01
7.791808292723297891e-01 2.208191707276702109e-01
9.617362729186101911e-01 3.826372708138979506e-02
7.868721229343099699e-01 2.131278770656901689e-01
7.069528562463929244e-01 2.930471437536070756e-01
5.602896268583953399e-01 4.397103731416046601e-01
7.002443078883044958e-01 2.997556921116951711e-01
6.089105874014761888e-01 3.910894125985239222e-01
6.237338784937127567e-01 3.762661215062869657e-01
2.849655441186709631e-02 9.715034455881330633e-01
8.518670893544419975e-01 1.481329106455580302e-01
7.172533913346679224e-01 2.827466086653321886e-01
7.659586642534468304e-01 2.340413357465529753e-01
8.284369414601552295e-01 1.715630585398449925e-01
6.562552462486711535e-01 3.437447537513289020e-01
3.559105210716869694e-01 6.440894789283130306e-01
3.742806733750910775e-01 6.257193266249089225e-01
8.333889049418263806e-01 1.666110950581734251e-01
7.530315024337819185e-01 2.469684975662180815e-01
3.084754962645028242e-01 6.915245037354973423e-01
6.437113646236011233e-01 3.562886353763989877e-01
5.404484121955582809e-01 4.595515878044416636e-01
9.372036476075930045e-01 6.279635239240712041e-02
5.000000000000000000e-01 5.000000000000000000e-01
3.521202126199005633e-01 6.478797873800995477e-01
8.851810612522930111e-01 1.148189387477070583e-01
2.457919825771973099e-01 7.542080174228027456e-01
6.580275226986821435e-01 3.419724773013179120e-01
3.464610206605321929e-01 6.535389793394678071e-01
5.667780189447032546e-01 4.332219810552966899e-01
3.785407172616049309e-01 6.214592827383950135e-01
3.224449851930356603e-01 6.775550148069640066e-01
5.153166458428791730e-01 4.846833541571210491e-01
5.776714788805835388e-02 9.422328521119416322e-01
7.644159915641814962e-01 2.355840084358185038e-01
7.500336191221715909e-01 2.499663808778285479e-01
2.071802315071653577e-01 7.928197684928347533e-01
4.889043023224157736e-01 5.110956976775842264e-01
3.344363215511730880e-01 6.655636784488266899e-01
3.377492832225716390e-01 6.622507167774285275e-01
5.937715019884995948e-01 4.062284980115005162e-01
6.675236984898893500e-01 3.324763015101106500e-01
4.920699689435534263e-01 5.079300310564466292e-01
2.872853978970373312e-01 7.127146021029625578e-01
8.729795656324311759e-01 1.270204343675688241e-01
8.509278017659055449e-01 1.490721982340944551e-01
6.504572704445199527e-01 3.495427295554799363e-01
9.051586027386192557e-01 9.484139726138073045e-02
6.490236535395415007e-01 3.509763464604584438e-01
7.059765173979060116e-01 2.940234826020937664e-01
2.694022935472845659e-01 7.305977064527153786e-01
2.578647706192511713e-01 7.421352293807489398e-01
5.174253659407206385e-01 4.825746340592792505e-01
2.882167632399898483e-01 7.117832367600100962e-01
6.649155184740747071e-01 3.350844815259253484e-01
8.266285311404943936e-01 1.733714688595054398e-01
8.151827049714982509e-01 1.848172950285016103e-01
9.027213970735766813e-01 9.727860292642304119e-02
2.908521628245095969e-01 7.091478371754903476e-01
7.658121571865378341e-01 2.341878428134619439e-01
7.664004012736312932e-01 2.335995987263684570e-01
7.913635501004443462e-01 2.086364498995557093e-01
5.176087689654583490e-02 9.482391231034542622e-01
3.395329798623420992e-01 6.604670201376580119e-01
1.340660932671827177e-01 8.659339067328173378e-01
7.865505651567362699e-01 2.134494348432635358e-01
8.377888993538248341e-01 1.622111006461754712e-01
6.221395233672760705e-01 3.778604766327239295e-01
3.094620762054405838e-01 6.905379237945592497e-01
2.181046110277093386e-01 7.818953889722904949e-01
8.384703107511484177e-01 1.615296892488516101e-01
3.125221107686990130e-01 6.874778892313009315e-01
9.500626293627791041e-02 9.049937370637221035e-01
2.111297215870025501e-02 9.788870278412996617e-01
5.978519533866261115e-01 4.021480466133739995e-01
2.814364192624132510e-01 7.185635807375866380e-01
4.397257836281810439e-01 5.602742163718189561e-01
6.653138634649016225e-01 3.346861365350984885e-01
6.368304768734761589e-01 3.631695231265239521e-01
1.634713788620319741e-01 8.365286211379679981e-01
5.958299288203555699e-01 4.041700711796444301e-01
6.193198319618689052e-01 3.806801680381310393e-01
4.441065508352410318e-01 5.558934491647590237e-01
8.466146349080674316e-01 1.533853650919324574e-01
1.688420849469082774e-01 8.311579150530915561e-01
4.787227573351479082e-01 5.212772426648522028e-01
2.245604600203484624e-01 7.754395399796515376e-01
6.952811857559023645e-01 3.047188142440976910e-01
2.578390006894549225e-01 7.421609993105450220e-01
8.182238818353256837e-01 1.817761181646743718e-01
6.501079280281870654e-01 3.498920719718128791e-01
5.790275445317479841e-01 4.209724554682519604e-01
7.794686896240621277e-01 2.205313103759379001e-01
7.810591231335103357e-01 2.189408768664898586e-01
8.679842449586369080e-01 1.320157550413629255e-01
8.991978579758863610e-01 1.008021420241138194e-01
1.757977840234561107e-01 8.242022159765436395e-01
4.785456423204328957e-01 5.214543576795670488e-01
8.228202600158335267e-01 1.771797399841665011e-01
5.857546520569202331e-01 4.142453479430797669e-01
3.444770461469775502e-01 6.555229538530222833e-01
6.537760072347916784e-01 3.462239927652084326e-01
7.056090041467391050e-01 2.943909958532607840e-01
6.406742531867766210e-01 3.593257468132234345e-01
8.336185206704800343e-01 1.663814793295200489e-01
8.732963806837413800e-01 1.267036193162585367e-01
8.391266493998650322e-01 1.608733506001349400e-01
1.300962360931139927e-01 8.699037639068861738e-01
1.931861280551685767e-01 8.068138719448313401e-01
4.282368988453544856e-01 5.717631011546455699e-01
3.404530659526208147e-01 6.595469340473790743e-01
5.949800236268008025e-01 4.050199763731991420e-01
7.327569340650831320e-01 2.672430659349168125e-01
5.000000000000000000e-01 5.000000000000000000e-01
5.747685782605508331e-01 4.252314217394492779e-01
3.236261556597513356e-01 6.763738443402486089e-01
7.572363747644605958e-01 2.427636252355393209e-01
5.407639317101060605e-01 4.592360682898939950e-01
7.548796057506647061e-01 2.451203942493350163e-01
7.460788283502893803e-01 2.539211716497105642e-01
6.798519407533476500e-01 3.201480592466521835e-01
3.467639192644224044e-01 6.532360807355778176e-01
8.570108596790543265e-01 1.429891403209455625e-01
7.088726000554588236e-01 2.911273999445410654e-01
5.000000000000000000e-01 5.000000000000000000e-01
7.907036849429271985e-01 2.092963150570728570e-01
7.084716264702978217e-01 2.915283735297021228e-01
6.263104222765791818e-01 3.736895777234208182e-01
6.509355395633142916e-01 3.490644604366857640e-01
3.651498154284051889e-01 6.348501845715948111e-01
7.424309879763857367e-01 2.575690120236143743e-01
1.179477404678355296e-01 8.820522595321643733e-01
7.504179091792502199e-01 2.495820908207496969e-01
5.917360315746418298e-01 4.082639684253580592e-01
9.160456441108597581e-01 8.395435588914031133e-02
5.963460329929414216e-01 4.036539670070585784e-01
6.434034310723467653e-01 3.565965689276533457e-01
5.106557372038520448e-01 4.893442627961477331e-01
8.701204019644144250e-01 1.298795980355855750e-01
3.537699583865510089e-01 6.462300416134489911e-01
1.285009925484081605e-01 8.714990074515919227e-01
6.847803180905541742e-01 3.152196819094458258e-01
3.735105924863451610e-01 6.264894075136548945e-01
6.194855973779277436e-01 3.805144026220723119e-01
2.970370774954639859e-01 7.029629225045357366e-01
8.369202075228032722e-01 1.630797924771966723e-01
2.394436189895718936e-01 7.605563810104283284e-01
2.355010011349013277e-01 7.644989988650988666e-01
9.270213507193105773e-01 7.297864928068949208e-02
7.991591273572539178e-01 2.008408726427461377e-01
3.052953852003507107e-01 6.947046147996492893e-01
5.799825823976482164e-01 4.200174176023517281e-01
6.807995532798823968e-01 3.192004467201173257e-01
8.615668127212751104e-01 1.384331872787247786e-01
7.970679227515413690e-01 2.029320772484587421e-01
8.832676638201454322e-01 1.167323361798544290e-01
3.502261086956853231e-01 6.497738913043146214e-01
6.435887182968519360e-01 3.564112817031481750e-01
7.623516631605757876e-01 2.376483368394241846e-01
2.535959100549339471e-02 9.746404089945065463e-01
8.868250109085922261e-01 1.131749890914076212e-01
2.222051225612838021e-01 7.777948774387162256e-01
1.002492413230423873e-01 8.997507586769576404e-01
5.705897232469051561e-01 4.294102767530949549e-01
4.900591546010016897e-01 5.099408453989984213e-01
1.514211442282345499e-01 8.485788557717652836e-01
6.591033983655103512e-01 3.408966016344896488e-01
8.133338070578695067e-01 1.866661929421302435e-01
8.358294177506034872e-01 1.641705822493963185e-01
5.197528457809701408e-01 4.802471542190299703e-01
8.698029848362242022e-01 1.301970151637756312e-01
3.169968321214069462e-01 6.830031678785930538e-01
4.869560826480090476e-01 5.130439173519909524e-01
7.137019229268690701e-01 2.862980770731307634e-01
6.906627447621390692e-01 3.093372552378610418e-01
8.122418322032466387e-01 1.877581677967532781e-01
6.887281363834759640e-01 3.112718636165240360e-01
1.466597467555019740e-01 8.533402532444980260e-01
8.611804385606243173e-01 1.388195614393757382e-01
4.843130064105540256e-01 5.156869935894460300e-01
2.714040877775772409e-01 7.285959122224228146e-01
8.145947556165444858e-01 1.854052443834556529e-01
6.384875749089088393e-01 3.615124250910912163e-01
6.074937758784155761e-01 3.925062241215844794e-01
8.022294642942591203e-01 1.977705357057407132e-01
7.104220011574345905e-01 2.895779988425652984e-01
4.144683547923113109e-01 5.855316452076887446e-01
9.769925943696664006e-02 9.023007405630334432e-01
3.550556068229109852e-01 6.449443931770888483e-01
8.328091645986802627e-01 1.671908354013199038e-01
5.542389797770618243e-01 4.457610202229380647e-01
4.046397777574320953e-01 5.953602222425679047e-01
3.097698078967082713e-01 6.902301921032920617e-01
1.627470962552329536e-01 8.372529037447671296e-01
5.428647353719938673e-01 4.571352646280060772e-01
7.712676595119625222e-01 2.287323404880375610e-01
3.864982095282178398e-01 6.135017904717822157e-01
7.943898162388234319e-01 2.056101837611767902e-01
2.059979924478911595e-01 7.940020075521088128e-01
6.477246596417461921e-01 3.522753403582538079e-01
7.574152421753110875e-01 2.425847578246888014e-01
9.287890880756786149e-01 7.121091192432130179e-02
4.363223854108541078e-01 5.636776145891460033e-01
8.742125514354255333e-01 1.257874485645745777e-01
2.139030160621756271e-01 7.860969839378245672e-01
8.072290257167493710e-01 1.927709742832503237e-01
7.375135480446564085e-01 2.624864519553436470e-01
1.219335815606987505e-01 8.780664184393014438e-01
7.082413488557233183e-01 2.917586511442765151e-01
4.487831903116389354e-01 5.512168096883610646e-01
8.898477650490476121e-01 1.101522349509522075e-01
2.315558571986449099e-01 7.684441428013548681e-01
3.706521227192894480e-02 9.629347877280710621e-01
6.187803636213515812e-01 3.812196363786484188e-01
7.950465091303231535e-01 2.049534908696768465e-01
7.707857371521059653e-01 2.292142628478940070e-01
7.629895202022171086e-01 2.370104797977831135e-01
9.184992104363033372e-01 8.150078956369662120e-02
7.202382551702959379e-01 2.797617448297039511e-01
7.917904780457266645e-01 2.082095219542733078e-01
6.567242956477111759e-01 3.432757043522889351e-01
7.715293264552666730e-02 9.228470673544733049e-01
4.142298054123992879e-01 5.857701945876008232e-01
3.229531322345232658e-01 6.770468677654767342e-01
4.842592733745217370e-01 5.157407266254780964e-01
4.821992611947720220e-01 5.178007388052280335e-01
3.124670989310103786e-01 6.875329010689896769e-01
8.374007570892401109e-01 1.625992429107598336e-01
3.544751137918559225e-01 6.455248862081438554e-01
5.573916867716381951e-01 4.426083132283617494e-01
6.707348952871350356e-01 3.292651047128650199e-01
4.351647275728949271e-01 5.648352724271049619e-01
8.973740138654375809e-01 1.026259861345625579e-01
5.672292954017946753e-01 4.327707045982052692e-01
2.468262533290126459e-01 7.531737466709872431e-01
3.910563931427581963e-01 6.089436068572419147e-01
5.839895626493217806e-01 4.160104373506781639e-01
3.448608575866279891e-01 6.551391424133718999e-01
7.715208951595102504e-02 9.228479104840490166e-01
7.962828489272332222e-01 2.037171510727666945e-01
6.294386773419501369e-01 3.705613226580499742e-01
6.322155098406726514e-01 3.677844901593273486e-01
9.291303883705606115e-01 7.086961162943933301e-02
1.812894886787651538e-01 8.187105113212346241e-01
8.786703920519162159e-01 1.213296079480837703e-01
9.229358690400082388e-01 7.706413095999155305e-02
7.526457791701426370e-01 2.473542208298574741e-01
8.766471973366445347e-01 1.233528026633553404e-01
2.727571590768769760e-01 7.272428409231231905e-01
9.124737452057445353e-01 8.752625479425570065e-02
5.000000000000000000e-01 5.000000000000000000e-01
4.344045017986298829e-01 5.655954982013700061e-01
7.377654067198070875e-02 9.262234593280194161e-01
1.888021666790467012e-01 8.111978333209534098e-01
7.662354044647596840e-01 2.337645955352401494e-01
8.921993973144332069e-01 1.078006026855666960e-01
6.119150851539871816e-01 3.880849148460129849e-01
2.299803978511493485e-01 7.700196021488509013e-01
6.152756612226513155e-01 3.847243387773487400e-01
7.684620415632271717e-01 2.315379584367728560e-01
6.081186630316355313e-01 3.918813369683644132e-01
8.368579548451566819e-01 1.631420451548434569e-01
3.737950314201095581e-01 6.262049685798903864e-01
4.857917388998228558e-01 5.142082611001770331e-01
5.366697249146852311e-01 4.633302750853148799e-01
3.146956785211724728e-01 6.853043214788275828e-01
1.280263462015102660e-01 8.719736537984896785e-01
1.798038622517500740e-01 8.201961377482500648e-01
7.977625286039817798e-01 2.022374713960184145e-01
5.054450034995811025e-01 4.945549965004190085e-01
6.531279420717293061e-01 3.468720579282706939e-01
1.370164773729675434e-01 8.629835226270324844e-01
8.196210932809434579e-01 1.803789067190567363e-01
7.814768604434488841e-01 2.185231395565509493e-01
1.032412786150661982e-01 8.967587213849338434e-01
8.646180462115730103e-01 1.353819537884271285e-01
3.425500245951063616e-01 6.574499754048935829e-01
6.479621246384568156e-01 3.520378753615431289e-01
6.547737005234112451e-02 9.345226299476586673e-01
6.942612966861085866e-01 3.057387033138912469e-01
5.576107391868009300e-01 4.423892608131990700e-01
4.737643383715028356e-01 5.262356616284968869e-01
5.651604662708784588e-01 4.348395337291215412e-01
3.637166754350322773e-01 6.362833245649677227e-01
3.231823950307392557e-01 6.768176049692609109e-01
8.761421157755754363e-01 1.238578842244245082e-01
7.634055319824494257e-01 2.365944680175506576e-01
7.775645623554131580e-01 2.224354376445868697e-01
8.637267629441527372e-01 1.362732370558472628e-01
7.040647171423087824e-01 2.959352828576911620e-01
5.945163359211481646e-01 4.054836640788517244e-01
4.514977614588023824e-01 5.485022385411976176e-01
5.647633374075443635e-01 4.352366625924556365e-01
4.252096274720814084e-01 5.747903725279185361e-01
6.642031521133783256e-01 3.357968478866217299e-01
1.898931122012192108e-01 8.101068877987808170e-01
1.996468104763614304e-01 8.003531895236383198e-01
7.470585982527433444e-02 9.252941401747255545e-01
5.337090308431393648e-01 4.662909691568606352e-01
6.058140574919627097e-01 3.941859425080372348e-01
6.855860682272792994e-01 3.144139317727205896e-01
8.401350219557400800e-01 1.598649780442602253e-01
2.333691288293054944e-01 7.666308711706943946e-01
7.210415119033179998e-01 2.789584880966819447e-01
6.263075341718401523e-01 3.736924658281600697e-01
1.027035874108838120e-01 8.972964125891159659e-01
4.131914580282735616e-01 5.868085419717262718e-01
1.553411657712898686e-01 8.446588342287101314e-01
2.274189146795562722e-01 7.725810853204436723e-01
8.817475084451034117e-01 1.182524915548969213e-01
7.966888524624610168e-01 2.033111475375388999e-01
5.709398699635137575e-01 4.290601300364861315e-01
4.323948847055576472e-01 5.676051152944423528e-01
8.622508342022789929e-01 1.377491657977207573e-01
8.165902890400441594e-01 1.834097109599558961e-01
7.454829982557411583e-01 2.545170017442588972e-01
5.253471438756783796e-01 4.746528561243215649e-01
7.906627500939020781e-01 2.093372499060978109e-01
1.371604849414634064e-01 8.628395150585368434e-01
6.285362886473462307e-01 3.714637113526537693e-01
2.616032376406154381e-01 7.383967623593847840e-01
3.070777958572813993e-01 6.929222041427186563e-01
7.456904534052702926e-01 2.543095465947295408e-01
5.453144129157301290e-01 4.546855870842699265e-01
4.050425972237360894e-01 5.949574027762639661e-01
4.793224890077071865e-01 5.206775109922928690e-01
3.321373482203791583e-01 6.678626517796210083e-01
7.698436259043375252e-01 2.301563740956624193e-01
6.526771800505061227e-01 3.473228199494939328e-01
7.443943546697290303e-01 2.556056453302708031e-01
8.932137761676978149e-01 1.067862238323021851e-01
3.787814023407383157e-01 6.212185976592617953e-01
3.362093197928247013e-01 6.637906802071752432e-01
6.709242062925900862e-01 3.290757937074097472e-01
3.749200755746294189e-01 6.250799244253706366e-01
5.308980687137234700e-01 4.691019312862765855e-01
9.235945917605282718e-01 7.640540823947165883e-02
5.825753957618319268e-01 4.174246042381680177e-01
5.326124761402046826e-01 4.673875238597953174e-01
5.598893861697362695e-01 4.401106138302638415e-01
5.086421552254112299e-01 4.913578447745886035e-01
2.613455373020821537e-01 7.386544626979177908e-01
8.583187220625660974e-01 1.416812779374339304e-01
6.689394912574432306e-01 3.310605087425567139e-01
6.322321247065574301e-01 3.677678752934425144e-01
3.616937400148166892e-01 6.383062599851834218e-01
9.032576324092813636e-01 9.674236759071852543e-02
8.990278074462115798e-01 1.009721925537884341e-01
2.714133555393534181e-01 7.285866444606468040e-01
8.633349224512038012e-01 1.366650775487961433e-01
7.670117414805412981e-01 2.329882585194586186e-01
3.018296239364452460e-01 6.981703760635548095e-01
6.497736001896323166e-02 9.350226399810367406e-01
5.058436520199893760e-01 4.941563479800107350e-01
8.359285246706573691e-01 1.640714753293425476e-01
2.359304586118193270e-01 7.640695413881807285e-01
3.838412592130128753e-01 6.161587407869871802e-01
4.597906757681389789e-01 5.402093242318610766e-01
1.556273899855804277e-01 8.443726100144196556e-01
8.475548453771641899e-01 1.524451546228356991e-01
2.418916785937808844e-01 7.581083214062193099e-01
7.400372038661814367e-01 2.599627961338186743e-01
2.737488785988569789e-02 9.726251121401143784e-01
8.266012351083441567e-01 1.733987648916558988e-01
3.055172146317821080e-01 6.944827853682181695e-01
9.342977441044586495e-01 6.570225589554144763e-02
6.558254581903222302e-01 3.441745418096777698e-01
9.183979865778985063e-01 8.160201342210146591e-02
4.864054085259151283e-01 5.135945914740849272e-01
5.170602932760669512e-01 4.829397067239329933e-01
3.692491346869840596e-01 6.307508653130159404e-01
2.235436454074455070e-01 7.764563545925544652e-01
6.036085866226469365e-01 3.963914133773531190e-01
6.398544043052326602e-01 3.601455956947674508e-01
7.475316112505880906e-01 2.524683887494118539e-01
4.405838551325923502e-01 5.594161448674077608e-01
2.314557757085975720e-01 7.685442242914025668e-01
7.152528346825782757e-01 2.847471653174215578e-01
5.233636637246438239e-01 4.766363362753562316e-01
6.147732644206189700e-01 3.852267355793809189e-01
8.456197910017382302e-01 1.543802089982614645e-01
7.986166613202523301e-01 2.013833386797473923e-01
6.332837810277761603e-01 3.667162189722238952e-01
6.527329539196199404e-01 3.472670460803801706e-01
6.535399311259912913e-01 3.464600688740086532e-01
1.921774133612255686e-01 8.078225866387742649e-01
4.836831122387701409e-01 5.163168877612298591e-01
6.662359880918029553e-01 3.337640119081972112e-01
6.509524208610024676e-01 3.490475791389974214e-01
2.654089793341811720e-01 7.345910206658187169e-01
7.296842970251684601e-01 2.703157029748318174e-01
7.444863587872028177e-01 2.555136412127968493e-01
3.765097797352425224e-01 6.234902202647574221e-01
7.515887221084613934e-01 2.484112778915385511e-01
5.528116593695850955e-01 4.471883406304149045e-01
6.316983205169355298e-01 3.683016794830644702e-01
4.213413636122605999e-01 5.786586363877395112e-01
5.950244636212036475e-01 4.049755363787963525e-01
2.281331392854568929e-01 7.718668607145430238e-01
8.844957194187563765e-01 1.155042805812435125e-01
7.217510736068142307e-01 2.782489263931856027e-01
6.664090133070144084e-01 3.335909866929855916e-01
4.847233802345938258e-01 5.152766197654061742e-01
7.276883996957068668e-01 2.723116003042931332e-01
4.011888590091350903e-01 5.988111409908648541e-01
2.529655647340078861e-01 7.470344352659923359e-01
6.138219042006241022e-01 3.861780957993758423e-01
4.651903251479484469e-01 5.348096748520515531e-01
8.381888688372842733e-01 1.618111311627157822e-01
2.569271986515062611e-01 7.430728013484936278e-01
8.566623726194744215e-01 1.433376273805257728e-01
2.109703643591901989e-01 7.890296356408096345e-01
3.397887471449513863e-01 6.602112528550486692e-01
6.720529625251669970e-01 3.279470374748328920e-01
1.544711954151624378e-01 8.455288045848374789e-01
8.635710415496478110e-01 1.364289584503520780e-01
7.655955922366123323e-01 2.344044077633874734e-01
5.960840409877519175e-01 4.039159590122481935e-01
1.849610730708440010e-01 8.150389269291561378e-01
2.874598069114236432e-01 7.125401930885761903e-01
2.304064795461339132e-01 7.695935204538660868e-01
2.158974745139955187e-01 7.841025254860046756e-01
8.122991271633669408e-01 1.877008728366328649e-01
1.420076781999762283e-01 8.579923218000240492e-01
5.582824024926407169e-01 4.417175975073591720e-01
4.492377039482726153e-01 5.507622960517273292e-01
6.980593977576660114e-01 3.019406022423340441e-01
2.121759369662081229e-01 7.878240630337919326e-01
3.847490430205742218e-01 6.152509569794260003e-01
3.808280693126102623e-01 6.191719306873897377e-01
6.335179786100334498e-01 3.664820213899664392e-01
3.953237777124748997e-01 6.046762222875251558e-01
8.627724377121748223e-01 1.372275622878253720e-01
7.153525697652370896e-01 2.846474302347629104e-01
2.096385948700934809e-01 7.903614051299067134e-01
5.575705149183435294e-01 4.424294850816565261e-01
6.666061559226684752e-01 3.333938440773315803e-01
7.400079581024525677e-01 2.599920418975474878e-01
4.393153613749901099e-01 5.606846386250100567e-01
1.134282580772174726e-01 8.865717419227825413e-01
2.527116433635762660e-01 7.472883566364237895e-01
6.928392545824911819e-01 3.071607454175090401e-01
8.113712660671690280e-01 1.886287339328307222e-01
1.417095927892104423e-01 8.582904072107896409e-01
5.495829946604412486e-01 4.504170053395585849e-01
3.001726155041239408e-01 6.998273844958762258e-01
1.310625695434852467e-01 8.689374304565146145e-01
7.684875673671371921e-01 2.315124326328627247e-01
7.380307523675479209e-02 9.261969247632452218e-01
8.859910292102928242e-01 1.140089707897072868e-01
1.674280126323612616e-01 8.325719873676388216e-01
8.322125949264761458e-01 1.677874050735238820e-01
5.115385373818991388e-01 4.884614626181009167e-01
7.450519379263813580e-01 2.549480620736186420e-01
4.477308489804249225e-01 5.522691510195751885e-01
2.735361578789390347e-01 7.264638421210610764e-01
8.910746290999533858e-01 1.089253709000465864e-01
1.678585967350634811e-01 8.321414032649363524e-01
3.513349792299996222e-01 6.486650207700003223e-01
4.000491976948967188e-01 5.999508023051033367e-01
3.958005079029846551e-01 6.041994920970152894e-01
6.573977608957046748e-01 3.426022391042953252e-01
6.909579125003337263e-02 9.309042087499664886e-01
9.530377857646045170e-01 4.696221423539555934e-02
5.497186908948039630e-01 4.502813091051958705e-01
5.116511911709761273e-01 4.883488088290238727e-01
9.344635279279710494e-01 6.553647207202890901e-02
5.658249377621485943e-01 4.341750622378514612e-01
8.475829438055459963e-02 9.152417056194455114e-01
5.055376065957838394e-01 4.944623934042162716e-01
5.081782840689833547e-01 4.918217159310167008e-01
8.599049955918236510e-01 1.400950044081764878e-01
8.318446162454095072e-01 1.681553837545906593e-01
8.760856930899598716e-01 1.239143069100401839e-01
4.644750465947914964e-01 5.355249534052085592e-01
8.269767458483043843e-01 1.730232541516953937e-01
9.067514486513050809e-01 9.324855134869501627e-02
3.257861809647797924e-01 6.742138190352202631e-01
9.030164596847185532e-01 9.698354031528159946e-02
8.359520288524006082e-01 1.640479711475997249e-01
7.660665424482852037e-01 2.339334575517147130e-01
1.822348401729201317e-01 8.177651598270799793e-01
1.737206445651790776e-01 8.262793554348208946e-01
6.965703608987715567e-01 3.034296391012285543e-01
7.116778108660118396e-02 9.288322189133988438e-01
7.601910692796732816e-01 2.398089307203266352e-01
7.058759618307759443e-01 2.941240381692239447e-01
2.392337091733488241e-01 7.607662908266511481e-01
7.516256835844110640e-01 2.483743164155888250e-01
2.253151287319490603e-01 7.746848712680508564e-01
5.275364840184064708e-01 4.724635159815935848e-01
7.935570889491400104e-01 2.064429110508597676e-01
7.684254008936159952e-01 2.315745991063841713e-01
5.921716306828892634e-02 9.407828369317111639e-01
6.581904217820252478e-01 3.418095782179746966e-01
1.441227384089407981e-01 8.558772615910593684e-01
4.348505354589201621e-01 5.651494645410798379e-01
6.766783714784138093e-01 3.233216285215862462e-01
9.285769410585419381e-01 7.142305894145824230e-02
3.469292968509231634e-01 6.530707031490767811e-01
7.826735540050724915e-02 9.217326445994927786e-01
5.852298785482141774e-01 4.147701214517858781e-01
5.421845397372582198e-01 4.578154602627418912e-01
8.943777077084842375e-01 1.056222922915159151e-01
7.359119482869522777e-01 2.640880517130478333e-01
8.270890283933329812e-01 1.729109716066669356e-01
3.435555663574523244e-01 6.564444336425477866e-01
7.612476740458684610e-01 2.387523259541315113e-01
4.548460373259627376e-01 5.451539626740372624e-01
8.300139049884001086e-01 1.699860950115996416e-01
2.999889931940804000e-01 7.000110068059196555e-01
8.218943265797046260e-01 1.781056734202955127e-01
3.463119737431282763e-01 6.536880262568717237e-01
8.558959454561435587e-01 1.441040545438565246e-01
7.341382017165415386e-02 9.265861798283459017e-01
9.269831602504945423e-01 7.301683974950542999e-02
6.088770745343499158e-01 3.911229254656503063e-01
8.164929130513167710e-01 1.835070869486832013e-01
3.588805422256748368e-01 6.411194577743253298e-01
5.877882128626774616e-01 4.122117871373223719e-01
3.734109984955386596e-01 6.265890015044612849e-01
7.054626754664158339e-01 2.945373245335841661e-01
3.426850137237931748e-01 6.573149862762066586e-01
8.174101345049309408e-01 1.825898654950689481e-01
7.014888938173579058e-01 2.985111061826419276e-01
7.036379573096738227e-01 2.963620426903261773e-01
9.164800053629143517e-02 9.083519994637085926e-01
8.548195709520225449e-01 1.451804290479775106e-01
7.832956110965199059e-01 2.167043889034800941e-01
2.213361973593830356e-01 7.786638026406170754e-01
8.081880258818103790e-01 1.918119741181896765e-01
4.005333874636979319e-01 5.994666125363020681e-01
7.449851668862834675e-01 2.550148331137164215e-01
8.874798650539817979e-01 1.125201349460182298e-01
9.144188189662997290e-01 8.558118103370045138e-02
6.916323035961564614e-01 3.083676964038434276e-01
6.900560295994077054e-01 3.099439704005922946e-01
2.180807448593027331e-01 7.819192551406971559e-01
9.348892770285445186e-01 6.511072297145530097e-02
8.436438469199887269e-01 1.563561530800111066e-01
8.862613003416108803e-01 1.137386996583889115e-01
6.859272017411039979e-01 3.140727982588959466e-01
2.335465886204307617e-01 7.664534113795692383e-01
6.274191996812223948e-01 3.725808003187775497e-01
8.523668090372912287e-01 1.476331909627087990e-01
3.845288749568495645e-01 6.154711250431504910e-01
8.669729364928769888e-01 1.330270635071229279e-01
8.078909244189275141e-01 1.921090755810725970e-01
1.576412681860595855e-01 8.423587318139402758e-01
7.597456114521538018e-01 2.402543885478461427e-01
6.955356534605967589e-01 3.044643465394030746e-01
5.000000000000000000e-01 5.000000000000000000e-01
5.890722404261971024e-01 4.109277595738028976e-01
2.909701485324238668e-01 7.090298514675763553e-01
4.939081942303219508e-01 5.060918057696780492e-01
8.676657857696230547e-01 1.323342142303770008e-01
8.213713468294335796e-01 1.786286531705662539e-01
2.776572263612143154e-01 7.223427736387856291e-01
2.743001406153549038e-01 7.256998593846453183e-01
2.704517045522770724e-01 7.295482954477231496e-01
1.780036670123994191e-01 8.219963329876006641e-01
4.574295927531638051e-01 5.425704072468362504e-01
1.988475063085717032e-01 8.011524936914282691e-01
7.014150823789236933e-01 2.985849176210762512e-01
7.392317269001174029e-01 2.607682730998824860e-01
6.527318527591092767e-01 3.472681472408906123e-01
4.901601744338370814e-01 5.098398255661630296e-01
7.700394537591458421e-01 2.299605462408544077e-01
3.384088156761876909e-01 6.615911843238121426e-01
8.833461457446948328e-01 1.166538542553054864e-01
4.035564697756687247e-01 5.964435302243313863e-01
1.519260656857207570e-01 8.480739343142791320e-01
6.535280146512928434e-01 3.464719853487071566e-01
8.158755845245753147e-01 1.841244154754247131e-01
3.665507009307026887e-01 6.334492990692972558e-01
9.092235000791579758e-01 9.077649992084223241e-02
7.411246808464427849e-01 2.588753191535572706e-01
2.775784696576252264e-01 7.224215303423748846e-01
5.402533078580199488e-01 4.597466921419799957e-01
1.180259686210938935e-01 8.819740313789059538e-01
3.589526816206840554e-01 6.410473183793160556e-01
4.011068955360555521e-01 5.988931044639445034e-01
3.497214595370062851e-01 6.502785404629938260e-01
8.162785721858363264e-01 1.837214278141636181e-01
5.425093405014556058e-01 4.574906594985444497e-01
4.052105282613190917e-01 5.947894717386807972e-01
4.233978233119235490e-01 5.766021766880765620e-01
5.321847206921694884e-01 4.678152793078306226e-01
8.641997314432624533e-01 1.358002685567372136e-01
5.300981487077034426e-01 4.699018512922966129e-01
8.589259879240890294e-01 1.410740120759112759e-01
4.288068068933097998e-01 5.711931931066901447e-01
1.972493210367816940e-01 8.027506789632183892e-01
9.220876119370837731e-01 7.791238806291643504e-02
5.978484372921116785e-01 4.021515627078883770e-01
5.340115873673300095e-01 4.659884126326698794e-01
7.836794461242759802e-01 2.163205538757239921e-01
2.646753017271406550e-01 7.353246982728594006e-01
8.050934252973280802e-01 1.949065747026717532e-01
3.064682381459161720e-01 6.935317618540838280e-01
3.423130737361791964e-01 6.576869262638208591e-01
6.909527790540826997e-01 3.090472209459170227e-01
1.820917182922270339e-01 8.179082817077731882e-01
8.236067763214067750e-01 1.763932236785933916e-01
6.185817482551377866e-01 3.814182517448621024e-01
2.066035639202401797e-01 7.933964360797599591e-01
2.143041097207423473e-01 7.856958902792576804e-01
4.249728657442968793e-01 5.750271342557030652e-01
5.425136519046104278e-01 4.574863480953896833e-01
7.380254287903635912e-01 2.619745712096363532e-01
1.896316656313683513e-01 8.103683343686316487e-01
9.027305848061650817e-01 9.726941519383483503e-02
4.478318015202517599e-01 5.521681984797484066e-01
7.003454008025742361e-01 2.996545991974256529e-01
5.618448665813284837e-01 4.381551334186714053e-01
7.394082990982082659e-01 2.605917009017916786e-01
6.346041556241555082e-01 3.653958443758444918e-01
6.561747143088341172e-01 3.438252856911658273e-01
5.065394636336587597e-01 4.934605363663412403e-01
